4552.0 107.0 2602.0
2815.0 45.0 2960.0
2555.0 87.0 2955.0
3017.0 520.0 2817.0
6845.0 437.0 1032.0
2992.0 245.0 2915.0
3862.0 15.0 2762.0
4735.0 5.0 -6845.0
5245.0 610.0 -6507.0
5150.0 222.0 2322.0
5037.0 295.0 -6707.0
5760.0 92.0 2032.0
6052.0 92.0 -6065.0
6590.0 677.0 -5485.0
6555.0 740.0 -5535.0
5412.0 802.0 1997.0
5427.0 850.0 1967.0
5422.0 875.0 2002.0
5447.0 885.0 2022.0
5412.0 875.0 1977.0
5407.0 895.0 2002.0
5427.0 850.0 1977.0
5407.0 865.0 1997.0
5407.0 855.0 1972.0
5412.0 850.0 1997.0
5432.0 860.0 2022.0
5417.0 880.0 1992.0
5447.0 855.0 1982.0
5465.0 860.0 1940.0
5390.0 860.0 2007.0
5402.0 875.0 1992.0
5422.0 842.0 1967.0
5370.0 850.0 1997.0
5412.0 837.0 2007.0
5427.0 850.0 1962.0
5417.0 885.0 1967.0
5402.0 875.0 1950.0
5465.0 855.0 1962.0
5427.0 917.0 2012.0
5412.0 842.0 1972.0
5380.0 827.0 1915.0
5427.0 850.0 1977.0
5407.0 850.0 1957.0
5395.0 885.0 1940.0
5427.0 870.0 1957.0
5437.0 885.0 1962.0
5390.0 885.0 1957.0
5407.0 875.0 2012.0
5395.0 827.0 2007.0
5360.0 870.0 1950.0
275.0 92.0 2445.0
5662.0 1452.0 1685.0
1120.0 337.0 2742.0
2527.0 597.0 2807.0
2612.0 467.0 2885.0
5260.0 1157.0 2002.0
4410.0 1345.0 2287.0
5662.0 1662.0 1532.0
5480.0 1427.0 1747.0
4655.0 1532.0 2145.0
4900.0 1277.0 2130.0
7587.0 1950.0 -1875.0
7295.0 2012.0 -3685.0
6887.0 2297.0 -4225.0
4917.0 1767.0 1840.0
4910.0 1762.0 1875.0
5115.0 1522.0 1860.0
5110.0 1537.0 1880.0
5047.0 1495.0 1870.0
5047.0 1527.0 1895.0
5115.0 1537.0 1910.0
5135.0 1505.0 1870.0
5100.0 1552.0 1930.0
5125.0 1510.0 1925.0
5115.0 1527.0 1890.0
5082.0 1517.0 1860.0
5047.0 1500.0 1880.0
5105.0 1510.0 1885.0
5155.0 1537.0 1870.0
5100.0 1527.0 1905.0
5105.0 1500.0 1905.0
5162.0 1537.0 1945.0
5110.0 1495.0 1885.0
5087.0 1480.0 1870.0
5100.0 1485.0 1880.0
5067.0 1522.0 1880.0
5072.0 1510.0 1845.0
5087.0 1505.0 1885.0
5072.0 1510.0 1850.0
5100.0 1537.0 1855.0
5125.0 1452.0 1920.0
5150.0 1517.0 1915.0
5105.0 1510.0 1865.0
5092.0 1510.0 1900.0
5105.0 1480.0 1890.0
5115.0 1517.0 1920.0
5077.0 1505.0 1900.0
5110.0 1537.0 1875.0
5120.0 1480.0 1925.0
5115.0 1465.0 1890.0
5275.0 2407.0 1335.0
1130.0 490.0 2635.0
1207.0 482.0 2720.0
1230.0 525.0 2695.0
4347.0 2310.0 1722.0
4050.0 2225.0 1880.0
3862.0 2220.0 1982.0
3972.0 1777.0 2190.0
4712.0 1882.0 1840.0
5192.0 2555.0 -5907.0
5480.0 2012.0 -5977.0
7190.0 2627.0 -2660.0
275.0 145.0 2587.0
4192.0 2377.0 1787.0
4165.0 2377.0 1812.0
4122.0 2372.0 1850.0
4150.0 2377.0 1792.0
4165.0 2397.0 1817.0
4202.0 2417.0 1880.0
4192.0 2402.0 1817.0
4160.0 2397.0 1830.0
4192.0 2387.0 1802.0
4140.0 2387.0 1812.0
4217.0 2407.0 1782.0
4160.0 2387.0 1797.0
4135.0 2377.0 1762.0
4197.0 2412.0 1787.0
4175.0 2407.0 1782.0
4180.0 2402.0 1767.0
4122.0 2367.0 1845.0
4155.0 2397.0 1777.0
4197.0 2402.0 1817.0
4187.0 2397.0 1817.0
4197.0 2397.0 1817.0
4175.0 2377.0 1870.0
4290.0 2350.0 1845.0
4352.0 2330.0 1885.0
4347.0 2355.0 1850.0
4332.0 2320.0 1812.0
4337.0 2292.0 1817.0
4362.0 2267.0 1812.0
4352.0 2310.0 1835.0
4317.0 2277.0 1822.0
4300.0 2262.0 1797.0
4352.0 2287.0 1817.0
4375.0 2282.0 1817.0
4357.0 2297.0 1802.0
4295.0 2292.0 1817.0
4312.0 2297.0 1767.0
4342.0 2257.0 1797.0
405.0 280.0 -6737.0
2330.0 1442.0 2567.0
2315.0 1677.0 2492.0
2657.0 1985.0 2272.0
2685.0 2247.0 2062.0
2897.0 1927.0 2287.0
2867.0 1922.0 2312.0
3160.0 2022.0 2222.0
3685.0 2230.0 2130.0
2935.0 1705.0 2420.0
4525.0 2830.0 1350.0
5202.0 3102.0 -5452.0
5782.0 4055.0 -2685.0
5692.0 3857.0 -1022.0
5437.0 4175.0 -3087.0
5390.0 3645.0 -4647.0
3222.0 2690.0 1807.0
3320.0 2700.0 1802.0
3347.0 2680.0 1807.0
3352.0 2700.0 1812.0
3342.0 2632.0 1840.0
3377.0 2647.0 1870.0
3362.0 2657.0 1822.0
3367.0 2637.0 1835.0
3330.0 2642.0 1802.0
3325.0 2670.0 1782.0
3382.0 2680.0 1812.0
3342.0 2662.0 1797.0
3372.0 2685.0 1792.0
3357.0 2647.0 1797.0
3405.0 2732.0 1762.0
3357.0 2680.0 1807.0
3357.0 2705.0 1812.0
3377.0 2670.0 1830.0
3377.0 2715.0 1792.0
3405.0 2685.0 1777.0
3377.0 2685.0 1812.0
3382.0 2632.0 1802.0
3372.0 2652.0 1782.0
3367.0 2637.0 1802.0
3387.0 2637.0 1787.0
3377.0 2627.0 1797.0
3315.0 2685.0 1870.0
3357.0 2675.0 1817.0
3367.0 2705.0 1797.0
3352.0 2700.0 1807.0
3377.0 2680.0 1817.0
3405.0 2705.0 1787.0
3367.0 2642.0 1845.0
3372.0 2662.0 1812.0
2080.0 2450.0 1957.0
370.0 390.0 2455.0
495.0 525.0 -6752.0
2110.0 1865.0 2395.0
2440.0 2272.0 2140.0
2172.0 2377.0 2037.0
4697.0 4672.0 -2007.0
4722.0 4635.0 -3317.0
2215.0 2612.0 1860.0
2637.0 2720.0 1822.0
2887.0 2757.0 1845.0
2897.0 2782.0 1880.0
2857.0 2705.0 1817.0
2795.0 2690.0 1850.0
2815.0 2715.0 1835.0
2840.0 2705.0 1817.0
2845.0 2725.0 1802.0
2867.0 2700.0 1812.0
2852.0 2737.0 1817.0
2857.0 2752.0 1817.0
2830.0 2725.0 1840.0
2835.0 2680.0 1875.0
2835.0 2700.0 1840.0
2857.0 2747.0 1850.0
2882.0 2700.0 1865.0
2862.0 2700.0 1835.0
2862.0 2657.0 1840.0
2892.0 2695.0 1885.0
2845.0 2680.0 1855.0
2867.0 2690.0 1860.0
2877.0 2725.0 1880.0
2862.0 2737.0 1850.0
2820.0 2710.0 1817.0
2825.0 2742.0 1855.0
2830.0 2732.0 1850.0
2830.0 2705.0 1850.0
2815.0 2695.0 1845.0
2825.0 2695.0 1865.0
2787.0 2657.0 1845.0
2805.0 2695.0 1900.0
2825.0 2705.0 1915.0
2845.0 2700.0 1860.0
2867.0 2737.0 1840.0
2877.0 2772.0 1830.0
2877.0 2782.0 1860.0
2835.0 2725.0 1875.0
2852.0 2710.0 1830.0
2815.0 2757.0 1807.0
2862.0 2695.0 1870.0
2815.0 2720.0 1885.0
1500.0 2095.0 2095.0
1475.0 2100.0 2067.0
1505.0 2100.0 2115.0
1542.0 2142.0 2125.0
1495.0 2105.0 2047.0
1465.0 2105.0 2095.0
1792.0 2422.0 1987.0
2095.0 3002.0 1595.0
1965.0 2915.0 1660.0
2120.0 2867.0 1655.0
2147.0 2987.0 1590.0
2022.0 2897.0 1635.0
1932.0 2920.0 1580.0
1897.0 2915.0 1605.0
1902.0 2907.0 1665.0
1965.0 2882.0 1650.0
1937.0 2845.0 1615.0
1687.0 2367.0 2007.0
1657.0 2397.0 1950.0
1802.0 2670.0 1777.0
1860.0 2680.0 1732.0
1750.0 2670.0 1737.0
1845.0 2747.0 1752.0
1817.0 2705.0 1762.0
1802.0 2600.0 1807.0
1370.0 1845.0 2180.0
1110.0 1427.0 2365.0
802.0 1015.0 -6757.0
730.0 885.0 -6752.0
1162.0 1860.0 2210.0
1485.0 2320.0 2012.0
2047.0 3160.0 1425.0
1937.0 3147.0 1512.0
832.0 1057.0 2465.0
2565.0 3377.0 1287.0
2690.0 3582.0 1100.0
2815.0 4082.0 477.0
2960.0 4197.0 270.0
3497.0 4860.0 -1310.0
3435.0 5042.0 -2037.0
3242.0 4630.0 -4377.0
2955.0 4420.0 -4832.0
2710.0 3872.0 -5472.0
2430.0 3690.0 -5622.0
2377.0 3915.0 672.0
1892.0 2782.0 1757.0
1662.0 2450.0 1925.0
1557.0 2277.0 2062.0
1945.0 3227.0 1437.0
2732.0 3320.0 1437.0
812.0 1495.0 2252.0
577.0 1025.0 2365.0
645.0 1240.0 -6697.0
427.0 802.0 -6757.0
1965.0 3435.0 -5785.0
1985.0 3497.0 -5785.0
2560.0 4597.0 -4500.0
2662.0 4900.0 -3735.0
2595.0 4702.0 -682.0
1327.0 2470.0 1807.0
1322.0 2507.0 1812.0
1225.0 2407.0 1880.0
1292.0 2440.0 1870.0
1365.0 2392.0 1905.0
217.0 472.0 2425.0
635.0 1385.0 2267.0
870.0 1887.0 2115.0
1135.0 2177.0 2042.0
1057.0 1970.0 2135.0
1072.0 1985.0 2150.0
1047.0 2027.0 2125.0
1047.0 2032.0 2067.0
1015.0 2037.0 2115.0
1077.0 2032.0 2105.0
1025.0 2002.0 2110.0
1077.0 2047.0 2090.0
1082.0 2022.0 2067.0
1032.0 2027.0 2100.0
1077.0 2012.0 2125.0
1062.0 2007.0 2165.0
1005.0 2042.0 2115.0
1020.0 2052.0 2115.0
1052.0 2075.0 2082.0
1087.0 2080.0 2120.0
1010.0 1985.0 2090.0
1057.0 2027.0 2095.0
1047.0 2032.0 2105.0
1042.0 2002.0 2077.0
1082.0 2027.0 2100.0
1025.0 1980.0 2090.0
1047.0 1965.0 2140.0
1067.0 2022.0 2125.0
1032.0 2032.0 2100.0
1067.0 2017.0 2067.0
1052.0 2032.0 2082.0
1082.0 2032.0 2105.0
1087.0 2042.0 2077.0
1032.0 2027.0 2110.0
1100.0 2027.0 2072.0
1082.0 2042.0 2012.0
442.0 1817.0 2022.0
457.0 2152.0 1797.0
572.0 2230.0 1855.0
165.0 625.0 2390.0
937.0 2657.0 1562.0
92.0 385.0 2267.0
150.0 540.0 2287.0
227.0 745.0 2267.0
212.0 832.0 2262.0
317.0 1110.0 2262.0
337.0 1067.0 2237.0
300.0 1087.0 2200.0
347.0 1077.0 2227.0
337.0 1077.0 2205.0
352.0 1100.0 2227.0
375.0 1100.0 2237.0
342.0 1067.0 2247.0
342.0 1082.0 2232.0
280.0 1082.0 2247.0
347.0 1105.0 2267.0
332.0 1162.0 2232.0
357.0 1077.0 2210.0
322.0 1130.0 2242.0
322.0 1100.0 2222.0
337.0 1057.0 2232.0
347.0 1042.0 2232.0
352.0 1072.0 2222.0
280.0 1087.0 2227.0
337.0 1115.0 2247.0
337.0 1105.0 2287.0
357.0 1100.0 2252.0
357.0 1105.0 2292.0
312.0 1077.0 2247.0
322.0 1082.0 2227.0
317.0 1062.0 2222.0
327.0 1115.0 2252.0
322.0 1095.0 2227.0
322.0 1100.0 2232.0
332.0 1140.0 2242.0
322.0 1057.0 2247.0
380.0 1087.0 2237.0
327.0 1110.0 2215.0
317.0 1082.0 2247.0
322.0 1072.0 2210.0
385.0 1130.0 2247.0
352.0 1087.0 2232.0
357.0 1072.0 2247.0
295.0 1067.0 2205.0
347.0 1082.0 2205.0
385.0 1177.0 2257.0
245.0 1955.0 1835.0
87.0 1907.0 1712.0
92.0 980.0 2170.0
55.0 952.0 2180.0
55.0 640.0 2222.0
5.0 717.0 2307.0
77.0 707.0 2282.0
25.0 740.0 2200.0
35.0 760.0 2210.0
10.0 730.0 2227.0
30.0 745.0 2185.0
45.0 765.0 2205.0
67.0 740.0 2210.0
30.0 770.0 2180.0
50.0 760.0 2175.0
67.0 770.0 2210.0
35.0 832.0 2222.0
20.0 765.0 2195.0
10.0 780.0 2277.0
30.0 740.0 2210.0
25.0 822.0 2227.0
35.0 802.0 2222.0
20.0 765.0 2210.0
77.0 780.0 2222.0
72.0 755.0 2215.0
45.0 822.0 2232.0
45.0 775.0 2195.0
35.0 785.0 2215.0
40.0 792.0 2195.0
55.0 755.0 2195.0
67.0 807.0 2262.0
35.0 802.0 2237.0
55.0 802.0 2195.0
25.0 765.0 2200.0
82.0 792.0 2267.0
55.0 827.0 2190.0
40.0 812.0 2210.0
20.0 797.0 2195.0
10.0 792.0 2165.0
45.0 792.0 2215.0
30.0 812.0 2195.0
67.0 775.0 2242.0
45.0 792.0 2195.0
35.0 770.0 2215.0
25.0 785.0 2252.0
10.0 785.0 2257.0
40.0 785.0 2200.0
20.0 807.0 2232.0
35.0 797.0 2205.0
45.0 802.0 2222.0
0.0 55.0 2435.0
-197.0 1235.0 -6275.0
-395.0 2247.0 1297.0
-50.0 2095.0 1640.0
-92.0 2177.0 1385.0
-410.0 2830.0 565.0
-415.0 2882.0 560.0
-395.0 3160.0 227.0
-462.0 3152.0 197.0
-150.0 3160.0 472.0
-300.0 3102.0 437.0
-227.0 1350.0 -6187.0
-237.0 1375.0 -6290.0
-227.0 1370.0 -6217.0
-245.0 1390.0 -6172.0
-232.0 1397.0 -6202.0
-212.0 1370.0 -6192.0
-227.0 1302.0 -6227.0
-227.0 1365.0 -6232.0
-280.0 1950.0 -5922.0
-72.0 620.0 2282.0
0.0 515.0 2257.0
-5.0 755.0 2190.0
0.0 760.0 2155.0
0.0 802.0 2227.0
-40.0 660.0 2215.0
-82.0 495.0 2227.0
-525.0 3940.0 -2037.0
-20.0 4327.0 -2062.0
-107.0 4227.0 -1895.0
-25.0 552.0 2242.0
-40.0 905.0 2115.0
-97.0 645.0 2190.0
-72.0 635.0 2200.0
-40.0 515.0 2232.0
-40.0 520.0 2200.0
-20.0 525.0 2200.0
-10.0 515.0 2252.0
-30.0 562.0 2287.0
-25.0 482.0 2252.0
-5.0 567.0 2242.0
-40.0 535.0 2252.0
-72.0 535.0 2190.0
-10.0 562.0 2247.0
-40.0 535.0 2222.0
-72.0 577.0 2262.0
-50.0 525.0 2252.0
-35.0 505.0 2190.0
-62.0 567.0 2215.0
-30.0 557.0 2205.0
-482.0 1772.0 -5977.0
-905.0 2815.0 -4917.0
-1005.0 2820.0 -4705.0
-927.0 3065.0 -35.0
-850.0 2930.0 182.0
-385.0 1182.0 -6197.0
-237.0 1245.0 -6227.0
-222.0 1250.0 -6182.0
-237.0 1265.0 -6227.0
-285.0 1312.0 -6212.0
-275.0 1355.0 -6177.0
-250.0 1297.0 -6222.0
-255.0 1345.0 -6202.0
-295.0 1355.0 -6167.0
-295.0 1422.0 -6202.0
-250.0 1380.0 -6242.0
-260.0 1350.0 -6247.0
-260.0 1355.0 -6237.0
-245.0 1340.0 -6207.0
-270.0 1370.0 -6187.0
-255.0 1360.0 -6242.0
-275.0 1402.0 -6192.0
-255.0 1312.0 -6202.0
-255.0 1302.0 -6257.0
-255.0 1355.0 -6247.0
-250.0 1312.0 -6237.0
-260.0 1235.0 -6237.0
-260.0 1282.0 -6275.0
-237.0 1292.0 -6192.0
-275.0 1302.0 -6247.0
-237.0 1312.0 -6212.0
-275.0 1322.0 -6187.0
-300.0 1312.0 -6192.0
-295.0 1327.0 -6212.0
-275.0 1345.0 -6222.0
-317.0 1345.0 -6217.0
-280.0 1340.0 -6187.0
-295.0 1312.0 -6187.0
-295.0 1317.0 -6147.0
-270.0 1317.0 -6192.0
-290.0 1297.0 -6207.0
-275.0 1355.0 -6192.0
-280.0 1350.0 -6172.0
-295.0 1317.0 -6187.0
-375.0 1390.0 -6125.0
-390.0 1327.0 -6152.0
-400.0 1370.0 -6130.0
-380.0 1402.0 -6085.0
-415.0 1345.0 -6105.0
-420.0 1447.0 -6065.0
-1495.0 3040.0 -3547.0
-1620.0 3060.0 -2890.0
-1510.0 3205.0 -1650.0
-1375.0 3180.0 -1130.0
-322.0 735.0 2032.0
-482.0 895.0 -6242.0
-447.0 900.0 -6172.0
-467.0 900.0 -6182.0
-472.0 917.0 -6217.0
-467.0 900.0 -6192.0
-442.0 875.0 -6172.0
-420.0 855.0 -6207.0
-472.0 905.0 -6222.0
-482.0 880.0 -6227.0
-462.0 865.0 -6197.0
-447.0 957.0 -6192.0
-472.0 880.0 -6182.0
-482.0 865.0 -6192.0
-462.0 860.0 -6142.0
-427.0 922.0 -6227.0
-437.0 917.0 -6222.0
-437.0 900.0 -6207.0
-452.0 967.0 -6207.0
-432.0 952.0 -6237.0
-437.0 985.0 -6227.0
-467.0 975.0 -6187.0
-415.0 975.0 -6187.0
-447.0 1010.0 -6202.0
-467.0 1010.0 -6182.0
-482.0 962.0 -6137.0
-452.0 962.0 -6147.0
-525.0 990.0 -6162.0
-525.0 962.0 -6187.0
-500.0 962.0 -6197.0
-510.0 990.0 -6152.0
-547.0 1015.0 -6142.0
-515.0 1000.0 -6137.0
-520.0 995.0 -6187.0
-467.0 995.0 -6207.0
-510.0 1000.0 -6157.0
-510.0 1020.0 -6197.0
-490.0 1020.0 -6177.0
-437.0 1052.0 -6105.0
-495.0 1062.0 -6137.0
-467.0 1057.0 -6137.0
-525.0 1087.0 -6182.0
-520.0 1110.0 -6167.0
-525.0 1130.0 -6060.0
-520.0 1120.0 -6130.0
-482.0 1105.0 -6100.0
-655.0 900.0 1880.0
-135.0 170.0 -6530.0
-822.0 1317.0 1512.0
-130.0 155.0 2322.0
-807.0 1052.0 -5942.0
-780.0 1047.0 -5962.0
-677.0 1025.0 -6030.0
-702.0 1020.0 -6090.0
-765.0 980.0 -6060.0
-770.0 952.0 -6030.0
-770.0 952.0 -5977.0
-780.0 1005.0 -6005.0
-775.0 980.0 -5977.0
-780.0 952.0 -5977.0
-780.0 1095.0 -5932.0
-817.0 1177.0 -5932.0
-905.0 1172.0 -5835.0
-905.0 1207.0 -5855.0
-962.0 1260.0 -5737.0
-975.0 1270.0 -5702.0
-1015.0 1245.0 -5722.0
-1000.0 1220.0 -5755.0
-990.0 1225.0 -5755.0
-1020.0 1287.0 -5755.0
-1057.0 1265.0 -5712.0
-1037.0 1282.0 -5722.0
-1015.0 1215.0 -5717.0
-1005.0 1202.0 -5755.0
-975.0 1177.0 -5737.0
-975.0 1177.0 -5800.0
-932.0 1172.0 -5840.0
-880.0 1140.0 -5830.0
-912.0 1182.0 -5872.0
-842.0 1177.0 -5865.0
-860.0 1202.0 -5902.0
-895.0 1162.0 -5865.0
-890.0 1157.0 -5850.0
-895.0 1130.0 -5872.0
-865.0 1192.0 -5855.0
-880.0 1157.0 -5887.0
-875.0 1197.0 -5830.0
-850.0 1187.0 -5860.0
-855.0 1240.0 -5840.0
-860.0 1157.0 -5860.0
-587.0 750.0 -6187.0
-567.0 755.0 -6182.0
-717.0 870.0 -6060.0
-577.0 912.0 -6182.0
-655.0 890.0 -6080.0
-625.0 885.0 -6090.0
-645.0 587.0 1992.0
-2172.0 2002.0 -967.0
-2095.0 1980.0 -697.0
-1845.0 1960.0 -172.0
-1897.0 1970.0 -237.0
-1590.0 1652.0 530.0
-1625.0 1677.0 457.0
-2185.0 1835.0 -762.0
-1825.0 1562.0 192.0
-1875.0 1585.0 202.0
-1797.0 1522.0 345.0
-1835.0 1590.0 222.0
-1782.0 1500.0 407.0
-1715.0 1485.0 447.0
-1635.0 1390.0 672.0
-827.0 717.0 1707.0
-870.0 775.0 1717.0
-900.0 780.0 1737.0
-2215.0 2105.0 -1557.0
-2157.0 2267.0 -1777.0
-2287.0 2132.0 -1910.0
-2262.0 2090.0 -1817.0
-2277.0 2002.0 -1727.0
-2272.0 1990.0 -1697.0
-2262.0 2012.0 -1600.0
-2252.0 2052.0 -1640.0
-2315.0 2007.0 -1605.0
-2325.0 1995.0 -1670.0
-2315.0 1965.0 -1680.0
-2302.0 1985.0 -1797.0
-2315.0 1985.0 -1717.0
-2287.0 2032.0 -1717.0
-2302.0 2042.0 -1707.0
-2247.0 2042.0 -1702.0
-2257.0 2065.0 -1712.0
-2267.0 2037.0 -1742.0
-2287.0 2032.0 -1757.0
-2287.0 1985.0 -1762.0
-2272.0 2075.0 -1752.0
-2292.0 2032.0 -1767.0
-2302.0 1975.0 -1802.0
-2277.0 2042.0 -1787.0
-2292.0 2022.0 -1707.0
-2330.0 2002.0 -1767.0
-2350.0 2032.0 -1685.0
-2325.0 2007.0 -1645.0
-2282.0 2085.0 -1675.0
-2325.0 2070.0 -1685.0
-2302.0 2052.0 -1777.0
-2330.0 2027.0 -1835.0
-2417.0 1510.0 -3425.0
-2455.0 1892.0 -2007.0
-2397.0 1835.0 -1747.0
-2445.0 1475.0 -3117.0
-2397.0 1787.0 -1625.0
-1937.0 1297.0 275.0
-2412.0 1692.0 -1477.0
-2465.0 1572.0 -2822.0
-2532.0 1610.0 -2777.0
-2522.0 1590.0 -2670.0
-2555.0 1585.0 -2532.0
-2382.0 1812.0 -1900.0
-2310.0 1860.0 -1575.0
-2377.0 1792.0 -1415.0
-2595.0 1537.0 -1967.0
-2575.0 1517.0 -1537.0
-2100.0 1687.0 -385.0
-610.0 442.0 2027.0
-707.0 552.0 1935.0
-2560.0 1532.0 -1630.0
-2445.0 1557.0 -1472.0
-2450.0 1620.0 -1472.0
-2422.0 1687.0 -1590.0
-2445.0 1647.0 -1630.0
-2397.0 1642.0 -1625.0
-2422.0 1657.0 -1655.0
-2377.0 1620.0 -1140.0
-2252.0 1600.0 -910.0
-2310.0 1642.0 -785.0
-2282.0 1642.0 -810.0
-2240.0 1687.0 -800.0
-2262.0 1705.0 -820.0
-2257.0 1710.0 -825.0
-2235.0 1725.0 -785.0
-2240.0 1782.0 -762.0
-2210.0 1730.0 -790.0
-2157.0 1782.0 -800.0
-2200.0 1787.0 -795.0
-2220.0 1782.0 -810.0
-2190.0 1782.0 -795.0
-2177.0 1807.0 -820.0
-2205.0 1850.0 -875.0
-2195.0 1772.0 -805.0
-2215.0 1812.0 -790.0
-2220.0 1787.0 -737.0
-2147.0 1740.0 -707.0
-2157.0 1777.0 -717.0
-2167.0 1682.0 -657.0
-2210.0 1682.0 -550.0
-2052.0 1635.0 -315.0
-2012.0 937.0 -4700.0
-2132.0 1032.0 -4535.0
-2210.0 927.0 -4445.0
-2110.0 917.0 -4545.0
-562.0 312.0 2002.0
-572.0 245.0 1987.0
-717.0 327.0 1945.0
-1955.0 905.0 477.0
-1412.0 567.0 1405.0
-870.0 500.0 1835.0
-2622.0 1115.0 -1232.0
-2670.0 1250.0 -2042.0
-2542.0 1442.0 -2842.0
-2690.0 1095.0 -2610.0
-2435.0 1385.0 -1002.0
-2507.0 1375.0 -1237.0
-2617.0 1390.0 -2032.0
-2570.0 1260.0 -1032.0
-2657.0 1215.0 -2415.0
-2575.0 1150.0 -1085.0
-2105.0 905.0 242.0
-2647.0 1062.0 -1497.0
-2662.0 1095.0 -1925.0
-2675.0 1020.0 -2170.0
-2670.0 1105.0 -2067.0
-1397.0 547.0 1395.0
-1365.0 500.0 1437.0
-1527.0 712.0 1217.0
-1495.0 730.0 1217.0
-1552.0 812.0 1150.0
-1460.0 837.0 1197.0
-980.0 562.0 1737.0
-1542.0 885.0 1045.0
-1652.0 865.0 952.0
-1902.0 927.0 472.0
-1882.0 895.0 595.0
-1830.0 962.0 717.0
-1792.0 917.0 702.0
-1825.0 932.0 717.0
-1792.0 937.0 727.0
-1807.0 932.0 707.0
-1792.0 957.0 747.0
-1787.0 975.0 727.0
-1812.0 990.0 722.0
-1782.0 990.0 677.0
-1777.0 995.0 652.0
-1812.0 980.0 682.0
-1830.0 995.0 640.0
-1835.0 1000.0 717.0
-1855.0 1000.0 682.0
-1672.0 370.0 -5402.0
-1625.0 295.0 1095.0
-1710.0 557.0 1065.0
-2247.0 577.0 310.0
-2857.0 592.0 -1697.0
-2852.0 735.0 -2227.0
-2747.0 717.0 -2940.0
-2800.0 755.0 -2597.0
-1812.0 520.0 850.0
-947.0 285.0 1855.0
-1485.0 370.0 1297.0
-2272.0 587.0 -4455.0
-1907.0 385.0 -5137.0
-1557.0 385.0 -5452.0
-2732.0 817.0 -2430.0
-2767.0 620.0 -2980.0
-2600.0 912.0 -3287.0
-2320.0 707.0 -65.0
-1630.0 390.0 1115.0
-2340.0 697.0 -125.0
-2272.0 592.0 10.0
-2230.0 452.0 330.0
-2167.0 400.0 335.0
-2367.0 510.0 -40.0
-2430.0 520.0 -325.0
-2507.0 472.0 -407.0
-2512.0 510.0 -402.0
-2480.0 482.0 -375.0
-2460.0 535.0 -350.0
-2465.0 520.0 -310.0
-2465.0 552.0 -345.0
-2485.0 515.0 -325.0
-2497.0 535.0 -350.0
-2465.0 597.0 -340.0
-2445.0 640.0 -335.0
-2445.0 645.0 -330.0
-2470.0 682.0 -315.0
-2475.0 682.0 -335.0
-2417.0 592.0 -370.0
-2450.0 672.0 -325.0
-2460.0 620.0 -315.0
-2407.0 640.0 -315.0
-2445.0 660.0 -340.0
-2460.0 610.0 -340.0
-2460.0 677.0 -340.0
-2412.0 682.0 -305.0
-2475.0 682.0 -310.0
-2422.0 755.0 -280.0
-2257.0 615.0 30.0
-2185.0 672.0 167.0
-1427.0 192.0 -5652.0
-682.0 45.0 -6247.0
-2065.0 295.0 530.0
-2247.0 212.0 290.0
-2422.0 370.0 -80.0
-2310.0 227.0 137.0
-1355.0 130.0 1447.0
-1802.0 275.0 947.0
-2522.0 427.0 -380.0
-1937.0 275.0 795.0
-1912.0 232.0 855.0
-1745.0 92.0 1065.0
-1792.0 72.0 1012.0
-1845.0 72.0 987.0
-1817.0 40.0 977.0
-1767.0 107.0 997.0
-1792.0 112.0 967.0
-1825.0 155.0 922.0
-1830.0 112.0 967.0
-1812.0 87.0 972.0
-1762.0 102.0 982.0
-1825.0 155.0 967.0
-1840.0 97.0 922.0
-1802.0 197.0 927.0
-1835.0 170.0 947.0
-1835.0 212.0 905.0
-1797.0 197.0 917.0
-1812.0 207.0 957.0
-1782.0 245.0 967.0
-1762.0 232.0 992.0
-1787.0 275.0 977.0
-1802.0 260.0 997.0
-1767.0 285.0 1007.0
-1750.0 270.0 992.0
-1755.0 290.0 992.0
-1797.0 255.0 977.0
-1750.0 307.0 967.0
-1745.0 270.0 952.0
-1750.0 280.0 982.0
-1745.0 307.0 1002.0
-1745.0 285.0 992.0
-1782.0 280.0 942.0
-1782.0 285.0 972.0
-1755.0 300.0 982.0
-1740.0 275.0 962.0
-1777.0 270.0 947.0
-1762.0 285.0 982.0
-1772.0 312.0 1002.0
-1792.0 295.0 1032.0
-1792.0 312.0 997.0
-1412.0 -150.0 1457.0
-457.0 -15.0 -6385.0
-937.0 0.0 -6030.0
-2252.0 -35.0 402.0
-1000.0 -102.0 1782.0
-312.0 -45.0 2237.0
-295.0 0.0 2272.0
-290.0 -15.0 2185.0
-295.0 -45.0 2222.0
-285.0 -35.0 2247.0
-265.0 -15.0 2242.0
-290.0 -50.0 2222.0
-295.0 -5.0 2232.0
-275.0 -10.0 2247.0
-245.0 -20.0 2205.0
-290.0 -25.0 2195.0
-290.0 -30.0 2237.0
-322.0 -5.0 2222.0
-255.0 -10.0 2215.0
-265.0 -25.0 2272.0
-285.0 0.0 2237.0
-295.0 -20.0 2227.0
-295.0 -30.0 2200.0
-280.0 -45.0 2257.0
-250.0 -10.0 2247.0
-285.0 -10.0 2200.0
-270.0 -10.0 2215.0
-255.0 -5.0 2232.0
-265.0 -25.0 2237.0
-280.0 -35.0 2252.0
-300.0 -30.0 2247.0
-265.0 -15.0 2282.0
-295.0 -30.0 2257.0
-295.0 -35.0 2247.0
-265.0 -45.0 2205.0
-312.0 -10.0 2242.0
-290.0 -20.0 2272.0
-300.0 -40.0 2237.0
-327.0 -15.0 2247.0
-295.0 -40.0 2257.0
-290.0 -40.0 2215.0
-295.0 -30.0 2222.0
-250.0 -20.0 2237.0
-280.0 -30.0 2227.0
-275.0 -30.0 2222.0
-317.0 -45.0 2205.0
-342.0 -15.0 2205.0
-290.0 -45.0 2195.0
-265.0 -30.0 2237.0
-285.0 -40.0 2190.0
-1580.0 -572.0 1410.0
-410.0 -130.0 2082.0
-260.0 -55.0 2242.0
-295.0 -62.0 2215.0
-295.0 -72.0 2215.0
-327.0 -62.0 2222.0
-295.0 -62.0 2247.0
-255.0 -87.0 2262.0
-307.0 -67.0 2227.0
-375.0 -87.0 2190.0
-357.0 -92.0 2232.0
-365.0 -125.0 2227.0
-390.0 -130.0 2210.0
-390.0 -130.0 2232.0
-385.0 -97.0 2252.0
-347.0 -82.0 2180.0
-357.0 -112.0 2222.0
-337.0 -87.0 2232.0
-365.0 -125.0 2210.0
-380.0 -97.0 2242.0
-420.0 -145.0 2242.0
-385.0 -125.0 2215.0
-375.0 -130.0 2272.0
-357.0 -112.0 2232.0
-327.0 -92.0 2155.0
-357.0 -107.0 2200.0
-385.0 -117.0 2262.0
-390.0 -77.0 2262.0
-385.0 -92.0 2210.0
-375.0 -77.0 2222.0
-375.0 -135.0 2222.0
-337.0 -92.0 2227.0
-405.0 -107.0 2215.0
-390.0 -125.0 2232.0
-375.0 -125.0 2232.0
-405.0 -125.0 2222.0
-395.0 -112.0 2232.0
-375.0 -135.0 2247.0
-390.0 -117.0 2247.0
-390.0 -125.0 2237.0
-385.0 -130.0 2262.0
-357.0 -125.0 2247.0
-375.0 -130.0 2222.0
-395.0 -97.0 2210.0
-375.0 -125.0 2205.0
-380.0 -135.0 2242.0
-357.0 -102.0 2232.0
-365.0 -125.0 2215.0
-400.0 -140.0 2242.0
-342.0 -77.0 2222.0
-635.0 -365.0 -6325.0
-1077.0 -395.0 -5972.0
-495.0 -275.0 2150.0
-472.0 -270.0 2190.0
-370.0 -165.0 2222.0
-365.0 -160.0 2215.0
-332.0 -135.0 2185.0
-365.0 -135.0 2232.0
-365.0 -145.0 2170.0
-352.0 -135.0 2190.0
-375.0 -160.0 2200.0
-395.0 -170.0 2195.0
-385.0 -160.0 2210.0
-342.0 -197.0 2222.0
-357.0 -165.0 2287.0
-337.0 -130.0 2282.0
-405.0 -150.0 2262.0
-410.0 -150.0 2267.0
-357.0 -140.0 2252.0
-347.0 -165.0 2232.0
-370.0 -182.0 2272.0
-375.0 -150.0 2252.0
-357.0 -145.0 2242.0
-405.0 -150.0 2205.0
-395.0 -182.0 2215.0
-342.0 -192.0 2252.0
-327.0 -155.0 2215.0
-347.0 -150.0 2247.0
-385.0 -145.0 2272.0
-380.0 -150.0 2257.0
-365.0 -150.0 2237.0
-457.0 -202.0 2222.0
-400.0 -170.0 2210.0
-400.0 -165.0 2210.0
-432.0 -202.0 2262.0
-400.0 -150.0 2232.0
-410.0 -150.0 2210.0
-395.0 -165.0 2232.0
-380.0 -182.0 2215.0
-415.0 -165.0 2210.0
-437.0 -165.0 2257.0
-442.0 -187.0 2247.0
-400.0 -187.0 2215.0
-447.0 -170.0 2210.0
-405.0 -182.0 2215.0
-447.0 -222.0 2170.0
-447.0 -212.0 2222.0
-420.0 -160.0 2205.0
-427.0 -175.0 2222.0
-410.0 -202.0 2210.0
-410.0 -295.0 2222.0
-540.0 -357.0 2145.0
-547.0 -380.0 2120.0
-442.0 -265.0 2150.0
-472.0 -275.0 2210.0
-452.0 -265.0 2200.0
-467.0 -300.0 2200.0
-495.0 -290.0 2185.0
-467.0 -352.0 2140.0
-467.0 -275.0 2185.0
-405.0 -265.0 2215.0
-415.0 -270.0 2185.0
-467.0 -307.0 2195.0
-477.0 -290.0 2185.0
-442.0 -307.0 2185.0
-447.0 -307.0 2190.0
-467.0 -275.0 2190.0
-477.0 -307.0 2205.0
-420.0 -275.0 2180.0
-452.0 -275.0 2200.0
-457.0 -327.0 2205.0
-477.0 -317.0 2180.0
-477.0 -285.0 2180.0
-472.0 -307.0 2195.0
-457.0 -265.0 2180.0
-505.0 -300.0 2185.0
-505.0 -295.0 2145.0
-495.0 -300.0 2135.0
-490.0 -285.0 2175.0
-505.0 -295.0 2150.0
-495.0 -290.0 2130.0
-462.0 -317.0 2170.0
-505.0 -300.0 2190.0
-442.0 -290.0 2222.0
-500.0 -290.0 2205.0
-447.0 -295.0 2200.0
-472.0 -275.0 2185.0
-437.0 -270.0 2237.0
-442.0 -265.0 2247.0
-447.0 -265.0 2185.0
-482.0 -337.0 2190.0
-505.0 -332.0 2150.0
-457.0 -290.0 2185.0
-457.0 -285.0 2200.0
-482.0 -280.0 2185.0
-447.0 -265.0 2180.0
-500.0 -290.0 2200.0
-505.0 -312.0 2175.0
-510.0 -370.0 2165.0
-510.0 -327.0 2130.0
-995.0 -1145.0 1930.0
-572.0 -520.0 2175.0
-995.0 -1110.0 1895.0
-635.0 -552.0 2210.0
-1115.0 -967.0 1915.0
-500.0 -437.0 2135.0
-682.0 -597.0 2037.0
-707.0 -602.0 2072.0
-707.0 -655.0 2047.0
-730.0 -625.0 2057.0
-717.0 -655.0 2095.0
-712.0 -677.0 2057.0
-682.0 -615.0 2105.0
-702.0 -660.0 2077.0
-707.0 -667.0 2077.0
-682.0 -630.0 2110.0
-687.0 -615.0 2105.0
-712.0 -645.0 2095.0
-740.0 -687.0 2105.0
-717.0 -650.0 2072.0
-717.0 -645.0 2090.0
-722.0 -640.0 2067.0
-692.0 -635.0 2120.0
-717.0 -640.0 2115.0
-697.0 -667.0 2095.0
-707.0 -635.0 2072.0
-740.0 -672.0 2072.0
-682.0 -672.0 2072.0
-682.0 -672.0 2082.0
-687.0 -660.0 2067.0
-702.0 -682.0 2077.0
-655.0 -655.0 2032.0
-707.0 -640.0 2082.0
-730.0 -707.0 2105.0
-702.0 -660.0 2072.0
-630.0 -660.0 2110.0
-667.0 -615.0 2100.0
-702.0 -667.0 2115.0
-672.0 -655.0 2052.0
-702.0 -655.0 2052.0
-677.0 -667.0 2072.0
-755.0 -702.0 2072.0
-707.0 -667.0 2082.0
-672.0 -640.0 2100.0
-687.0 -667.0 2090.0
-677.0 -620.0 2047.0
-672.0 -625.0 2067.0
-677.0 -672.0 2082.0
-712.0 -682.0 2095.0
-687.0 -667.0 2067.0
-2152.0 -3650.0 -2237.0
-2095.0 -3592.0 -2547.0
-1782.0 -2867.0 -4285.0
-2320.0 -3252.0 -1252.0
-2205.0 -2965.0 -300.0
-1882.0 -2450.0 672.0
-2127.0 -2742.0 207.0
-2367.0 -3285.0 -1625.0
-2355.0 -3200.0 -2327.0
-1635.0 -2502.0 -4820.0
-1265.0 -2065.0 -5417.0
-437.0 -620.0 -6385.0
-145.0 -187.0 -6535.0
-957.0 -1642.0 -5845.0
-1345.0 -2320.0 -5177.0
-2340.0 -3165.0 -1085.0
-2075.0 -2710.0 202.0
-1120.0 -1350.0 1747.0
-1182.0 -1427.0 1732.0
-1182.0 -1527.0 1697.0
-1172.0 -1517.0 1660.0
-1197.0 -1552.0 1680.0
-1162.0 -1480.0 1675.0
-1182.0 -1537.0 1670.0
-1255.0 -1557.0 1665.0
-1240.0 -1562.0 1620.0
-1202.0 -1522.0 1670.0
-1207.0 -1517.0 1670.0
-1162.0 -1460.0 1670.0
-1197.0 -1510.0 1615.0
-1197.0 -1527.0 1620.0
-1157.0 -1547.0 1620.0
-1182.0 -1527.0 1645.0
-1197.0 -1532.0 1660.0
-1167.0 -1527.0 1690.0
-1187.0 -1552.0 1707.0
-1120.0 -1495.0 1702.0
-1182.0 -1480.0 1727.0
-1145.0 -1537.0 1752.0
-1157.0 -1527.0 1660.0
-1172.0 -1490.0 1737.0
-1110.0 -1475.0 1712.0
-1167.0 -1527.0 1670.0
-1157.0 -1527.0 1670.0
-1135.0 -1522.0 1707.0
-1120.0 -1460.0 1650.0
-1182.0 -1522.0 1670.0
-1135.0 -1527.0 1690.0
-1072.0 -1495.0 1690.0
-1130.0 -1537.0 1690.0
-692.0 -1407.0 2170.0
-635.0 -1380.0 2150.0
-880.0 -1647.0 1930.0
-912.0 -1667.0 1930.0
-1230.0 -2142.0 1570.0
-1270.0 -2262.0 1457.0
-1505.0 -2737.0 992.0
-1630.0 -2902.0 702.0
-1937.0 -3467.0 -350.0
-2017.0 -3602.0 -865.0
-1782.0 -3342.0 -3857.0
-1710.0 -3152.0 -4225.0
-1245.0 -2502.0 -5240.0
-1052.0 -2177.0 -5550.0
-490.0 -1235.0 -6247.0
-317.0 -837.0 -6402.0
-1365.0 -2450.0 -5085.0
-112.0 -285.0 2430.0
-1245.0 -2247.0 1425.0
-1557.0 -2795.0 890.0
-1557.0 -2805.0 937.0
-1442.0 -2737.0 1045.0
-1365.0 -3022.0 895.0
-1265.0 -3305.0 860.0
-1317.0 -3330.0 820.0
-1307.0 -3325.0 752.0
-1335.0 -3330.0 772.0
-1365.0 -3347.0 737.0
-1345.0 -3372.0 777.0
-1340.0 -3217.0 795.0
-1350.0 -3310.0 762.0
-1317.0 -3195.0 790.0
-1322.0 -3247.0 727.0
-1355.0 -3300.0 762.0
-1340.0 -3295.0 687.0
-1312.0 -3262.0 747.0
-1350.0 -3290.0 772.0
-1355.0 -3315.0 777.0
-1345.0 -3267.0 757.0
-1370.0 -3232.0 790.0
-1355.0 -3252.0 752.0
-1370.0 -3227.0 737.0
-1390.0 -3267.0 742.0
-1390.0 -3295.0 712.0
-1355.0 -3285.0 747.0
-1407.0 -3252.0 712.0
-1422.0 -3262.0 692.0
-1355.0 -3325.0 652.0
-1407.0 -3310.0 662.0
-1505.0 -3560.0 385.0
-150.0 -587.0 2385.0
-260.0 -797.0 2317.0
-250.0 -880.0 -6407.0
-82.0 -295.0 -6560.0
-155.0 -510.0 -6615.0
-1087.0 -3540.0 917.0
-1135.0 -3530.0 880.0
-1172.0 -3525.0 855.0
-1235.0 -3455.0 815.0
-1365.0 -4020.0 -35.0
-1250.0 -4187.0 -25.0
-1100.0 -4275.0 -40.0
-1140.0 -4250.0 -80.0
-1192.0 -4192.0 -10.0
-1197.0 -4260.0 -50.0
-1177.0 -4207.0 5.0
-1202.0 -4217.0 20.0
-1177.0 -4217.0 15.0
-1177.0 -4217.0 0.0
-1145.0 -4222.0 20.0
-1145.0 -4165.0 0.0
-1172.0 -4165.0 35.0
-1167.0 -4192.0 25.0
-1167.0 -4197.0 20.0
-1167.0 -4170.0 15.0
-1157.0 -4202.0 60.0
-1157.0 -4192.0 50.0
-1150.0 -4145.0 110.0
-1202.0 -4170.0 50.0
-1192.0 -4192.0 60.0
-1177.0 -4160.0 85.0
-1177.0 -4217.0 90.0
-1187.0 -4155.0 70.0
-1197.0 -4202.0 75.0
-1192.0 -4232.0 115.0
-1150.0 -4160.0 90.0
-1167.0 -4170.0 120.0
-1145.0 -4197.0 70.0
-1140.0 -4160.0 95.0
-1140.0 -4180.0 142.0
-1150.0 -4217.0 75.0
-1162.0 -4207.0 105.0
-1172.0 -4170.0 105.0
-1182.0 -4175.0 120.0
-1145.0 -4170.0 142.0
-1145.0 -4192.0 120.0
-1172.0 -4175.0 132.0
-1167.0 -4180.0 137.0
-1145.0 -4192.0 105.0
-1105.0 -4155.0 162.0
-102.0 -1817.0 2435.0
-722.0 -4985.0 -1115.0
-500.0 -5162.0 -1130.0
-467.0 -5220.0 -982.0
-490.0 -5202.0 -1027.0
-515.0 -5140.0 -992.0
-530.0 -5092.0 -992.0
-525.0 -5077.0 -947.0
-582.0 -5120.0 -962.0
-610.0 -5100.0 -962.0
-592.0 -5092.0 -952.0
-572.0 -5100.0 -890.0
-557.0 -5115.0 -875.0
-650.0 -5042.0 -835.0
-660.0 -4980.0 -717.0
-505.0 -5072.0 -575.0
-280.0 -5245.0 -682.0
-707.0 -4900.0 -575.0
-802.0 -4660.0 -257.0
-212.0 -5110.0 -270.0
-265.0 -5052.0 -70.0
-625.0 -4740.0 -25.0
-792.0 -4535.0 115.0
-615.0 -4607.0 172.0
-212.0 -4900.0 217.0
-217.0 -4847.0 310.0
-280.0 -4780.0 305.0
-307.0 -4750.0 375.0
-300.0 -4717.0 315.0
-275.0 -4722.0 345.0
-322.0 -4750.0 370.0
-327.0 -4712.0 375.0
-342.0 -4722.0 375.0
-285.0 -4745.0 392.0
-327.0 -4745.0 360.0
-317.0 -4722.0 360.0
-352.0 -4760.0 370.0
-332.0 -4750.0 402.0
-327.0 -4735.0 385.0
-312.0 -4672.0 385.0
-322.0 -4722.0 330.0
-370.0 -4740.0 417.0
-322.0 -4665.0 392.0
-337.0 -4717.0 402.0
-295.0 -4727.0 427.0
-312.0 -4665.0 422.0
-295.0 -4677.0 482.0
-265.0 -4697.0 412.0
-280.0 -4682.0 452.0
-307.0 -4682.0 477.0
587.0 -5635.0 -652.0
260.0 -5380.0 -290.0
0.0 -5225.0 -132.0
117.0 -3660.0 1767.0
660.0 -4072.0 1807.0
170.0 -3957.0 1575.0
5.0 -4117.0 1472.0
117.0 -4212.0 1442.0
312.0 -4270.0 1497.0
312.0 -4280.0 1467.0
312.0 -4285.0 1452.0
270.0 -4260.0 1492.0
255.0 -4265.0 1452.0
245.0 -4300.0 1457.0
300.0 -4295.0 1415.0
280.0 -4285.0 1447.0
250.0 -4265.0 1447.0
237.0 -4317.0 1447.0
222.0 -4332.0 1452.0
217.0 -4322.0 1457.0
265.0 -4322.0 1415.0
250.0 -4265.0 1462.0
237.0 -4322.0 1442.0
202.0 -4275.0 1437.0
232.0 -4342.0 1395.0
250.0 -4317.0 1442.0
217.0 -4337.0 1410.0
212.0 -4332.0 1437.0
255.0 -4332.0 1415.0
245.0 -4375.0 1415.0
265.0 -4352.0 1410.0
237.0 -4305.0 1380.0
285.0 -4327.0 1462.0
290.0 -4347.0 1415.0
300.0 -4337.0 1442.0
270.0 -4352.0 1457.0
260.0 -4327.0 1447.0
260.0 -4317.0 1487.0
255.0 -4352.0 1452.0
280.0 -4317.0 1442.0
280.0 -4280.0 1447.0
285.0 -4317.0 1462.0
270.0 -4312.0 1430.0
260.0 -4290.0 1405.0
250.0 -4322.0 1405.0
280.0 -4300.0 1400.0
260.0 -4332.0 1420.0
255.0 -4300.0 1415.0
255.0 -4305.0 1452.0
270.0 -4312.0 1452.0
745.0 -3170.0 2355.0
797.0 -2940.0 2410.0
1547.0 -5115.0 1177.0
1537.0 -5317.0 927.0
1517.0 -6100.0 -1115.0
1845.0 -6105.0 -2232.0
1682.0 -5985.0 -492.0
472.0 -1345.0 2792.0
275.0 -1067.0 2695.0
40.0 -145.0 2567.0
245.0 -855.0 2660.0
265.0 -1032.0 2705.0
370.0 -1057.0 2562.0
327.0 -1057.0 2582.0
332.0 -1072.0 2620.0
375.0 -1042.0 2577.0
352.0 -1032.0 2502.0
357.0 -1042.0 2562.0
347.0 -1032.0 2537.0
347.0 -1005.0 2527.0
337.0 -1037.0 2532.0
352.0 -1072.0 2517.0
337.0 -1057.0 2527.0
365.0 -1032.0 2512.0
357.0 -1052.0 2597.0
327.0 -1037.0 2557.0
347.0 -1032.0 2512.0
347.0 -1042.0 2475.0
357.0 -1052.0 2527.0
337.0 -1042.0 2547.0
370.0 -1072.0 2522.0
322.0 -1047.0 2527.0
365.0 -1062.0 2562.0
342.0 -1052.0 2517.0
342.0 -1057.0 2552.0
347.0 -1087.0 2562.0
370.0 -1037.0 2537.0
365.0 -1042.0 2522.0
332.0 -1077.0 2552.0
307.0 -1020.0 2587.0
347.0 -1025.0 2542.0
347.0 -1037.0 2537.0
352.0 -1057.0 2497.0
342.0 -1047.0 2537.0
285.0 -1052.0 2537.0
352.0 -1025.0 2547.0
352.0 -1052.0 2572.0
352.0 -1037.0 2537.0
357.0 -1020.0 2497.0
327.0 -1000.0 2527.0
332.0 -822.0 -6772.0
1950.0 -4175.0 2125.0
1850.0 -3982.0 2195.0
1407.0 -2997.0 2597.0
2120.0 -4077.0 -5775.0
2492.0 -5255.0 1135.0
265.0 -572.0 2675.0
255.0 -515.0 2655.0
395.0 -870.0 2705.0
1385.0 -2450.0 2710.0
1215.0 -2277.0 2767.0
975.0 -2057.0 2720.0
875.0 -1812.0 2655.0
837.0 -1825.0 2660.0
797.0 -1817.0 2675.0
832.0 -1817.0 2645.0
817.0 -1792.0 2660.0
827.0 -1845.0 2725.0
807.0 -1802.0 2715.0
842.0 -1807.0 2680.0
870.0 -1762.0 2705.0
895.0 -1835.0 2700.0
837.0 -1807.0 2665.0
827.0 -1792.0 2690.0
855.0 -1817.0 2725.0
802.0 -1792.0 2660.0
797.0 -1807.0 2675.0
807.0 -1797.0 2650.0
837.0 -1802.0 2680.0
822.0 -1812.0 2675.0
842.0 -1845.0 2650.0
832.0 -1802.0 2700.0
842.0 -1812.0 2675.0
855.0 -1782.0 2670.0
807.0 -1817.0 2690.0
792.0 -1845.0 2645.0
850.0 -1807.0 2685.0
827.0 -1802.0 2645.0
842.0 -1787.0 2665.0
822.0 -1787.0 2675.0
812.0 -1802.0 2690.0
812.0 -1807.0 2695.0
842.0 -1730.0 2725.0
827.0 -1812.0 2710.0
802.0 -1812.0 2710.0
802.0 -1792.0 2690.0
812.0 -1812.0 2700.0
797.0 -1830.0 2700.0
807.0 -1777.0 2762.0
817.0 -1782.0 2700.0
1970.0 -3210.0 2582.0
1772.0 -2320.0 2832.0
2690.0 -3492.0 2470.0
3935.0 -5970.0 -1817.0
3785.0 -5960.0 -1187.0
3992.0 -5052.0 1075.0
3742.0 -4645.0 1600.0
2945.0 -4212.0 2095.0
2747.0 -4557.0 1865.0
3137.0 -4112.0 2145.0
3497.0 -4697.0 1620.0
447.0 -707.0 2747.0
760.0 -1100.0 2867.0
875.0 -1447.0 2875.0
1460.0 -2485.0 2837.0
1630.0 -2257.0 2945.0
1452.0 -1812.0 2960.0
1595.0 -1922.0 2890.0
3147.0 -3895.0 2227.0
1937.0 -2862.0 2742.0
2027.0 -2637.0 2752.0
1817.0 -2542.0 2777.0
1427.0 -2397.0 2730.0
1427.0 -2372.0 2772.0
1442.0 -2330.0 2752.0
1452.0 -2350.0 2752.0
1452.0 -2377.0 2747.0
1442.0 -2387.0 2762.0
1470.0 -2367.0 2752.0
1447.0 -2372.0 2742.0
1480.0 -2412.0 2802.0
1437.0 -2422.0 2787.0
1527.0 -2382.0 2752.0
1402.0 -2387.0 2767.0
1437.0 -2397.0 2782.0
1442.0 -2387.0 2742.0
1475.0 -2350.0 2767.0
1437.0 -2407.0 2742.0
1442.0 -2402.0 2757.0
1452.0 -2335.0 2720.0
1422.0 -2367.0 2700.0
1442.0 -2387.0 2747.0
1447.0 -2387.0 2757.0
1437.0 -2360.0 2730.0
1490.0 -2345.0 2752.0
1437.0 -2382.0 2730.0
1407.0 -2387.0 2762.0
1417.0 -2355.0 2695.0
1432.0 -2350.0 2762.0
1475.0 -2330.0 2792.0
2152.0 -2022.0 2950.0
1840.0 -1667.0 -7027.0
3445.0 -3352.0 2445.0
3252.0 -3280.0 2552.0
3377.0 -3462.0 2410.0
1480.0 -1402.0 2980.0
4145.0 -3920.0 1930.0
855.0 -760.0 2837.0
3992.0 -4592.0 1547.0
4332.0 -4347.0 1537.0
4060.0 -3507.0 2415.0
4082.0 -3487.0 2385.0
3895.0 -3387.0 2292.0
3827.0 -3352.0 2322.0
4202.0 -3987.0 -5525.0
4317.0 -3702.0 -5692.0
4390.0 -4180.0 1640.0
4362.0 -3885.0 1875.0
4885.0 -4520.0 -4705.0
4535.0 -5037.0 -4205.0
3280.0 -2862.0 -6487.0
3272.0 -3045.0 2640.0
3237.0 -3227.0 2587.0
3512.0 -4145.0 -5627.0
4035.0 -3420.0 -6055.0
3425.0 -3045.0 2640.0
3867.0 -4467.0 1752.0
4917.0 -4462.0 1252.0
4860.0 -4505.0 1232.0
4842.0 -4380.0 1355.0
4770.0 -4390.0 1315.0
4735.0 -4400.0 1410.0
4712.0 -4405.0 1430.0
4702.0 -4415.0 1420.0
4770.0 -4390.0 1425.0
2152.0 -2090.0 3022.0
265.0 -295.0 -6742.0
2120.0 -2157.0 2945.0
2560.0 -2695.0 2822.0
2522.0 -2710.0 2895.0
3237.0 -3102.0 2730.0
5010.0 -4305.0 1310.0
5585.0 -4790.0 232.0
4802.0 -4250.0 1497.0
3060.0 -2725.0 2710.0
3012.0 -2752.0 2715.0
2945.0 -2767.0 2690.0
2960.0 -2757.0 2700.0
2977.0 -2725.0 2730.0
2965.0 -2757.0 2695.0
2762.0 -1750.0 2960.0
2335.0 -1860.0 2980.0
1865.0 -1082.0 -7170.0
1432.0 -952.0 -7130.0
5390.0 -3132.0 -5682.0
4467.0 -3080.0 -6115.0
1340.0 -775.0 -7105.0
4322.0 -2810.0 2492.0
3592.0 -2935.0 2630.0
4317.0 -3080.0 2342.0
6267.0 -4295.0 -285.0
6307.0 -4187.0 -217.0
5082.0 -3227.0 1895.0
4180.0 -2705.0 2537.0
4425.0 -2657.0 2487.0
6177.0 -4087.0 192.0
6137.0 -4050.0 247.0
2517.0 -1595.0 3062.0
6262.0 -3722.0 560.0
5615.0 -3262.0 1595.0
5667.0 -3272.0 1547.0
5902.0 -3450.0 1242.0
5797.0 -3655.0 1145.0
5932.0 -3455.0 1150.0
5417.0 -3232.0 1727.0
5270.0 -3210.0 1797.0
5980.0 -3837.0 732.0
5692.0 -3482.0 1330.0
6565.0 -4227.0 -2950.0
6277.0 -4495.0 -2852.0
6465.0 -4180.0 -565.0
3747.0 -2230.0 2787.0
3665.0 -2662.0 2695.0
4467.0 -3090.0 2332.0
4395.0 -2882.0 2450.0
4410.0 -2690.0 2465.0
4390.0 -2725.0 2440.0
4865.0 -3142.0 2160.0
4797.0 -3050.0 2302.0
4312.0 -2977.0 2577.0
4540.0 -2835.0 2582.0
4797.0 -3007.0 2237.0
4735.0 -2930.0 2262.0
4295.0 -2695.0 2532.0
4295.0 -2642.0 2527.0
4332.0 -2710.0 2522.0
4295.0 -2690.0 2527.0
4255.0 -2815.0 2532.0
4255.0 -2762.0 2497.0
4425.0 -3070.0 2337.0
3132.0 -1510.0 3027.0
4135.0 -2162.0 2685.0
4905.0 -2137.0 2385.0
6565.0 -3045.0 767.0
6422.0 -3435.0 657.0
7075.0 -3520.0 -697.0
7372.0 -3330.0 -1472.0
7142.0 -3035.0 -3887.0
6887.0 -2815.0 -4490.0
5682.0 -2095.0 -6085.0
4342.0 -1845.0 -6800.0
3795.0 -1667.0 -6952.0
4707.0 -2320.0 -6457.0
5615.0 -2662.0 -5820.0
7215.0 -2805.0 -3827.0
7210.0 -2872.0 -3740.0
6820.0 -3080.0 -4357.0
6617.0 -3137.0 -4530.0
4420.0 -2550.0 2547.0
4692.0 -2105.0 2562.0
1975.0 -850.0 3052.0
1715.0 -745.0 2980.0
5192.0 -2867.0 2037.0
6907.0 -3815.0 -1120.0
6897.0 -3967.0 -1925.0
6982.0 -3712.0 -2915.0
6877.0 -3540.0 -3445.0
7335.0 -3190.0 -1125.0
6632.0 -2647.0 922.0
6027.0 -2210.0 1625.0
5950.0 -2485.0 1600.0
6465.0 -2417.0 1212.0
5552.0 -2600.0 1957.0
5750.0 -2882.0 1630.0
5245.0 -2840.0 2067.0
4312.0 -1990.0 2735.0
3680.0 -1635.0 2920.0
3757.0 -1667.0 2910.0
3492.0 -1610.0 2940.0
4312.0 -1865.0 2680.0
5500.0 -2887.0 1830.0
5515.0 -2915.0 1870.0
5772.0 -2930.0 1630.0
5417.0 -2475.0 2057.0
4540.0 -2162.0 2527.0
5630.0 -2407.0 1950.0
4260.0 -1937.0 2680.0
5037.0 -2737.0 2150.0
6115.0 -3222.0 1105.0
5187.0 -2647.0 2135.0
3232.0 -687.0 2980.0
6402.0 -1292.0 1527.0
6590.0 -1465.0 1405.0
6057.0 -2095.0 -5760.0
4895.0 -1245.0 2597.0
4837.0 -1642.0 2615.0
5340.0 -1302.0 2350.0
4735.0 -1447.0 2630.0
4807.0 -1177.0 2610.0
7132.0 -1735.0 -4740.0
7017.0 -1720.0 -4882.0
2440.0 -482.0 2990.0
5892.0 -2022.0 1850.0
5030.0 -1585.0 2445.0
3242.0 -722.0 3007.0
2590.0 -937.0 3042.0
4602.0 -927.0 2665.0
3435.0 -677.0 2980.0
4535.0 -1585.0 2645.0
3962.0 -1292.0 2890.0
2485.0 -807.0 3057.0
2470.0 -457.0 3002.0
3487.0 -1150.0 2945.0
3612.0 -1192.0 2920.0
1772.0 -405.0 2965.0
6992.0 -1937.0 757.0
3660.0 -1187.0 2960.0
5490.0 -1865.0 2247.0
5345.0 -1830.0 2287.0
5042.0 -1777.0 2482.0
5015.0 -1807.0 2532.0
4895.0 -1652.0 2502.0
4870.0 -1427.0 2547.0
4592.0 -1287.0 -6742.0
4980.0 -1120.0 2532.0
4660.0 -1297.0 -6727.0
5005.0 -1610.0 2482.0
5725.0 -1010.0 2155.0
4410.0 -1380.0 -6800.0
4207.0 -1390.0 -6890.0
4582.0 -1317.0 2685.0
4697.0 -1340.0 -6707.0
4592.0 -1657.0 2685.0
4717.0 -1447.0 2680.0
375.0 -117.0 2577.0
5292.0 -1000.0 2282.0
5220.0 -1187.0 2287.0
5062.0 -1542.0 2355.0
5020.0 -1585.0 2375.0
5057.0 -1542.0 2420.0
3180.0 -35.0 2920.0
7132.0 -1215.0 682.0
7165.0 -1255.0 727.0
7272.0 -1052.0 585.0
7362.0 -1037.0 412.0
4655.0 -270.0 2592.0
5115.0 -630.0 2455.0
1277.0 -82.0 2832.0
802.0 -107.0 2685.0
2355.0 -317.0 2990.0
3525.0 -357.0 2895.0
2247.0 -285.0 3042.0
6955.0 -112.0 1027.0
2815.0 -275.0 2970.0
3357.0 -140.0 2900.0
4672.0 -317.0 2635.0
5110.0 -352.0 -6702.0
5845.0 -472.0 -6177.0
405.0 -50.0 2685.0
5510.0 -285.0 2120.0
5485.0 -610.0 2185.0
5485.0 -582.0 2180.0
5465.0 -547.0 2200.0
5515.0 -582.0 2175.0
5485.0 -602.0 2195.0
5522.0 -572.0 2195.0
5505.0 -562.0 2200.0
5490.0 -552.0 2227.0
5522.0 -562.0 2185.0
5475.0 -587.0 2190.0
5495.0 -562.0 2267.0
5490.0 -582.0 2210.0
5470.0 -577.0 2185.0
5457.0 -587.0 2257.0
5500.0 -587.0 2237.0
5442.0 -577.0 2257.0
5475.0 -602.0 2237.0
5527.0 -535.0 2210.0
5515.0 -520.0 2195.0
5457.0 -547.0 2257.0
5510.0 -582.0 2237.0
5510.0 -577.0 2222.0
5470.0 -547.0 2205.0
5457.0 -582.0 2185.0
5490.0 -597.0 2205.0
5527.0 -630.0 2210.0
5500.0 -610.0 2215.0
5505.0 -562.0 2180.0
5522.0 -567.0 2190.0
5432.0 -547.0 2205.0
