26.968775, 5.700025, 4.32181, None
105.493, 24.26339, 7.911975, CC
105.407925, 14.22454, 6.550775, F
17.18515, 103.4512, 16.6747, CC
21.7792, 93.5825, 38.538975, F
102.09, 82.029315, 38.62405, F
84.309325, 35.56135, 27.649375, C
91.2004, 29.929385, 28.227885, F
88.64815, 15.909025, 12.9314, F
119.54739, 86.60635, 121.65725, CC
123.01845, 78.081835, 69.93165, F
225.261585, 71.97345, 71.87136, F
44.834525, 120.63635, 31.54581, C
47.556925, 112.299, 32.22641, F
125.911, 99.452675, 14.12245, F
45.6002, 89.1586, 15.14335, F
121.31695, 78.67736, 184.357525, F
35.986725, 69.404185, 59.637575, F
72.1436, 176.54764, 106.00345, C
